	subreddit	log_likelihood	1	2	3	4	5	6	7	8	9
0	dontputyourdickinthat	-24.191981883694552	0.2987012987012987	0.17694805194805194	0.137987012987013	0.08603896103896104	0.08928571428571429	0.060064935064935064	0.05194805194805195	0.056818181818181816	0.04220779220779221
1	MakeMeSuffer	-25.47511661703902	0.32565284178187404	0.19047619047619047	0.130568356374808	0.08294930875576037	0.07219662058371736	0.06451612903225806	0.05222734254992319	0.039938556067588324	0.041474654377880185
2	lego	-26.93767903503158	0.27505827505827507	0.19347319347319347	0.11655011655011654	0.10722610722610723	0.08041958041958042	0.0641025641025641	0.0675990675990676	0.047785547785547784	0.047785547785547784
3	Fishing	-27.42029214332888	0.2947976878612717	0.18265895953757225	0.12947976878612716	0.10635838150289018	0.09017341040462427	0.06358381502890173	0.055491329479768786	0.046242774566473986	0.03121387283236994
4	supremeclothing	-27.457073313249566	0.3069657615112161	0.18181818181818182	0.10861865407319952	0.08264462809917356	0.0885478158205431	0.06139315230224321	0.07083825265643448	0.053128689492325853	0.04604486422668241
5	cursedimages	-27.786802247525884	0.31871838111298484	0.20741989881956155	0.11973018549747048	0.07251264755480608	0.07419898819561552	0.07588532883642496	0.05396290050590219	0.03709949409780776	0.04047217537942664
6	indianapolis	-27.95592099305486	0.2772511848341232	0.19549763033175355	0.13981042654028436	0.0971563981042654	0.08767772511848342	0.06516587677725119	0.054502369668246446	0.037914691943127965	0.045023696682464455
7	UPS	-28.07823271288089	0.29880043620501634	0.1941112322791712	0.13304252998909488	0.07960741548527808	0.08942202835332606	0.06870229007633588	0.05125408942202835	0.04362050163576881	0.04143947655398037
8	AskNYC	-28.458845254775042	0.2959917780061665	0.17163412127440905	0.1223021582733813	0.08633093525179857	0.10071942446043165	0.06474820143884892	0.05447070914696814	0.04933196300102775	0.05447070914696814
9	fountainpens	-28.50737761144501	0.29236276849642007	0.19212410501193317	0.11813842482100238	0.07995226730310262	0.09188544152744631	0.06801909307875895	0.050119331742243436	0.06443914081145585	0.04295942720763723
10	HydroHomies	-28.530902781662007	0.2897959183673469	0.1891156462585034	0.15918367346938775	0.09659863945578231	0.06938775510204082	0.0653061224489796	0.04625850340136054	0.044897959183673466	0.03945578231292517
11	insurgency	-28.615045678528077	0.3160621761658031	0.17823834196891192	0.12435233160621761	0.09948186528497409	0.09015544041450778	0.06632124352331606	0.04145077720207254	0.04145077720207254	0.04248704663212435
12	lego_raffles	-28.73088406611714	0.28814713896457766	0.17643051771117166	0.13419618528610355	0.10013623978201634	0.08310626702997276	0.07016348773841961	0.06267029972752043	0.04155313351498638	0.043596730245231606
13	Boruto	-28.784781653816026	0.33212996389891697	0.1865222623345367	0.11432009626955475	0.08182912154031288	0.07701564380264742	0.06738868832731648	0.06498194945848375	0.0421179302045728	0.03369434416365824
14	Naruto	-28.86267743349981	0.3093607305936073	0.1678082191780822	0.13470319634703196	0.0821917808219178	0.08561643835616438	0.05136986301369863	0.07077625570776255	0.04680365296803653	0.05136986301369863
15	ForzaHorizon	-28.89217581300818	0.2579013906447535	0.2111251580278129	0.1264222503160556	0.09734513274336283	0.08596713021491782	0.06826801517067003	0.05436156763590392	0.051833122629582805	0.04677623261694058
16	WorldOfWarships	-28.92585013158805	0.30404217926186294	0.17750439367311072	0.1282952548330404	0.09666080843585237	0.08699472759226713	0.0632688927943761	0.04305799648506151	0.05975395430579965	0.040421792618629174
17	ActionFigures	-29.03740382742035	0.28735632183908044	0.20178799489144317	0.14687100893997446	0.09195402298850575	0.07279693486590039	0.07151979565772669	0.04725415070242656	0.04725415070242656	0.033205619412515965
18	softwaregore	-29.04654874116204	0.34024896265560167	0.19778699861687413	0.11618257261410789	0.08852005532503458	0.07745504840940526	0.058091286307053944	0.04702627939142462	0.03872752420470263	0.035961272475795295
19	GunAccessoriesForSale	-29.12740317582484	0.3441108545034642	0.16859122401847576	0.13394919168591224	0.09122401847575058	0.07274826789838337	0.05658198614318707	0.046189376443418015	0.04734411085450346	0.03926096997690531
20	techsupportgore	-29.398734836122458	0.28941176470588237	0.19294117647058823	0.12588235294117647	0.09411764705882353	0.07882352941176471	0.05058823529411765	0.05058823529411765	0.05411764705882353	0.06352941176470588
21	cocaine	-29.785729853087105	0.29161290322580646	0.19483870967741934	0.13806451612903226	0.09935483870967741	0.06322580645161291	0.06838709677419355	0.04903225806451613	0.06451612903225806	0.03096774193548387
22	Target	-29.822577498051942	0.2885514018691589	0.205607476635514	0.13551401869158877	0.10397196261682243	0.08294392523364486	0.053738317757009345	0.04322429906542056	0.04439252336448598	0.04205607476635514
23	CozyPlaces	-29.834398715037423	0.2620599739243807	0.2151238591916558	0.13820078226857888	0.09778357235984354	0.07953063885267275	0.06258148631029987	0.048239895697522815	0.054758800521512385	0.041720990873533245
24	BadDragon	-29.976847239969175	0.27197149643705465	0.21258907363420426	0.13539192399049882	0.08907363420427554	0.0855106888361045	0.0665083135391924	0.0510688836104513	0.052256532066508314	0.035629453681710214
25	SweatyPalms	-30.17163129972232	0.31685678073510776	0.19898605830164764	0.11913814955640051	0.07477820025348543	0.07984790874524715	0.049429657794676805	0.053231939163498096	0.06337135614702155	0.044359949302915085
26	vinyl	-30.370546368922078	0.30490018148820325	0.20961887477313976	0.12431941923774954	0.08620689655172414	0.073502722323049	0.06533575317604355	0.05535390199637023	0.041742286751361164	0.03901996370235935
27	sewing	-30.670165456182986	0.32698094282848544	0.16148445336008024	0.11735205616850551	0.10230692076228685	0.09227683049147442	0.06318956870611836	0.04012036108324975	0.05416248746238716	0.04212637913741224
28	Teachers	-30.691166323798825	0.30392156862745096	0.1715686274509804	0.12058823529411765	0.0803921568627451	0.10392156862745099	0.07549019607843137	0.050980392156862744	0.049019607843137254	0.04411764705882353
29	Roadcam	-30.84467510542163	0.2746878547105562	0.21452894438138478	0.1191827468785471	0.10556186152099886	0.08967082860385925	0.060158910329171394	0.046538024971623154	0.04767309875141884	0.04199772985244041
30	awfuleverything	-30.858350314184918	0.31977559607293127	0.21458625525946703	0.12061711079943899	0.09396914446002805	0.07713884992987377	0.043478260869565216	0.04488078541374474	0.04488078541374474	0.04067321178120617
31	MushroomGrowers	-30.941202131500177	0.3069306930693069	0.16633663366336635	0.10495049504950495	0.08118811881188119	0.09306930693069307	0.0801980198019802	0.06633663366336634	0.05148514851485148	0.04950495049504951
32	KidsAreFuckingStupid	-31.037385295862805	0.33827493261455527	0.16172506738544473	0.12668463611859837	0.07142857142857142	0.09703504043126684	0.057951482479784364	0.0444743935309973	0.05525606469002695	0.04716981132075472
33	ConvenientCop	-31.08614626983308	0.2764976958525346	0.18202764976958524	0.10714285714285714	0.08755760368663594	0.09331797235023041	0.07142857142857142	0.06336405529953917	0.052995391705069124	0.06566820276497695
34	fnv	-31.12401966035486	0.3081180811808118	0.17343173431734318	0.14944649446494465	0.08487084870848709	0.08671586715867159	0.058118081180811805	0.046125461254612546	0.043357933579335796	0.04981549815498155
35	ToiletPaperUSA	-31.2693715219566	0.30097087378640774	0.20752427184466019	0.11893203883495146	0.07766990291262135	0.0825242718446602	0.05461165048543689	0.05339805825242718	0.04247572815533981	0.061893203883495146
36	hardwareswap	-31.290422456064334	0.2777777777777778	0.19555555555555557	0.12111111111111111	0.08555555555555555	0.08777777777777777	0.08222222222222222	0.04111111111111111	0.057777777777777775	0.051111111111111114
37	whatisthisthing	-31.49612067927046	0.3344867358708189	0.1695501730103806	0.12572087658592848	0.09919261822376009	0.08073817762399077	0.04267589388696655	0.04844290657439446	0.04382929642445214	0.05536332179930796
38	TumblrInAction	-31.649293239678627	0.3235685752330226	0.21304926764314247	0.10785619174434088	0.07989347536617843	0.07856191744340879	0.047936085219707054	0.06125166444740346	0.03994673768308921	0.047936085219707054
39	Unexpected	-31.744085922526665	0.3142857142857143	0.20285714285714285	0.11571428571428571	0.08714285714285715	0.08285714285714285	0.06714285714285714	0.037142857142857144	0.032857142857142856	0.06
40	SantasLittleHelpers	-31.892817155133343	0.2914798206278027	0.17668161434977578	0.13183856502242153	0.08789237668161436	0.09058295964125561	0.0484304932735426	0.0726457399103139	0.04932735426008968	0.051121076233183856
41	newtothenavy	-31.946734571363777	0.26597938144329897	0.20721649484536084	0.1360824742268041	0.09381443298969072	0.07525773195876288	0.07216494845360824	0.04536082474226804	0.04845360824742268	0.05567010309278351
42	securityguards	-32.20061052834808	0.29393627954779034	0.2158273381294964	0.1223021582733813	0.09352517985611511	0.08119218910585817	0.050359712230215826	0.044193216855087356	0.051387461459403906	0.047276464542651594
43	mildlyinteresting	-32.333295825294044	0.31926121372031663	0.21240105540897097	0.10686015831134564	0.09630606860158311	0.08311345646437995	0.04353562005277045	0.04617414248021108	0.04221635883905013	0.05013192612137203
44	ANormalDayInRussia	-32.36474560018087	0.2777777777777778	0.20155038759689922	0.14857881136950904	0.07881136950904392	0.08397932816537468	0.04521963824289406	0.06976744186046512	0.04909560723514212	0.04521963824289406
45	mbti	-32.36795503054964	0.27209533267130087	0.19463753723932473	0.11221449851042702	0.09632571996027806	0.10327706057596822	0.05858987090367428	0.05362462760675273	0.05858987090367428	0.0506454816285998
46	Dabs	-32.40689415511042	0.2757871878393051	0.1986970684039088	0.11292073832790445	0.10423452768729642	0.10206297502714441	0.06188925081433225	0.05971769815418024	0.053203040173724216	0.031487513572204126
47	Austin	-32.47268928417179	0.30278884462151395	0.21812749003984064	0.11254980079681275	0.08665338645418327	0.08266932270916334	0.05776892430278884	0.04780876494023904	0.04282868525896414	0.04880478087649402
48	natureismetal	-32.47442610667531	0.3193504736129905	0.2165087956698241	0.11637347767253045	0.09472259810554803	0.08254397834912043	0.04194857916102842	0.044654939106901215	0.044654939106901215	0.03924221921515562
49	fakecartridges	-32.497853162431966	0.29362214199759323	0.19374247894103488	0.1371841155234657	0.09265944645006016	0.09747292418772563	0.05535499398315283	0.036101083032490974	0.04091456077015644	0.052948255114320095
50	aspergers	-32.57215283594542	0.2857142857142857	0.22088835534213686	0.1368547418967587	0.09243697478991597	0.07923169267707082	0.060024009603841535	0.03841536614645858	0.04321728691476591	0.04321728691476591
51	whowouldwin	-32.75727279824696	0.3198237885462555	0.15770925110132158	0.13480176211453745	0.0907488986784141	0.08722466960352424	0.07136563876651983	0.03700440528634361	0.053744493392070485	0.04757709251101322
52	AbsoluteUnits	-32.854900042793815	0.2857142857142857	0.20943134535367544	0.11789181692094314	0.07350901525658807	0.09847434119278779	0.08599167822468794	0.05131761442441054	0.038834951456310676	0.038834951456310676
53	piano	-32.857698821778285	0.2917015926236379	0.1760268231349539	0.14501257334450965	0.09471919530595138	0.09388097233864208	0.05280804694048617	0.06286672254819782	0.04945515507124895	0.03352891869237217
54	pettyrevenge	-32.901847110213566	0.2827868852459016	0.19672131147540983	0.1407103825136612	0.09289617486338798	0.10792349726775956	0.05737704918032787	0.03825136612021858	0.03825136612021858	0.045081967213114756
55	phoenix	-32.964476700041814	0.3065173116089613	0.20264765784114053	0.09877800407331976	0.0845213849287169	0.08961303462321792	0.06313645621181263	0.04989816700610998	0.06415478615071284	0.04073319755600815
56	Rochester	-33.00284582713175	0.29053420805998126	0.20524835988753515	0.1246485473289597	0.08528584817244611	0.09465791940018745	0.05060918462980318	0.05529522024367385	0.04217432052483599	0.05154639175257732
57	airsoft	-33.01585449284994	0.3008423586040915	0.1865222623345367	0.1407942238267148	0.08904933814681107	0.09626955475330927	0.06979542719614922	0.04693140794223827	0.026474127557160047	0.04332129963898917
58	facepalm	-33.12417539180569	0.32546583850931676	0.20372670807453416	0.12422360248447205	0.06956521739130435	0.0782608695652174	0.07453416149068323	0.04596273291925466	0.03354037267080745	0.04472049689440994
59	nonononoyes	-33.235925261450575	0.2952261306532663	0.22110552763819097	0.12939698492462312	0.0942211055276382	0.07914572864321608	0.04648241206030151	0.04020100502512563	0.04396984924623116	0.05025125628140704
60	RoastMe	-33.254206441479255	0.3465818759936407	0.19236883942766295	0.11764705882352941	0.09697933227344992	0.09062003179650238	0.05564387917329094	0.04451510333863275	0.030206677265500796	0.025437201907790145
61	Eyebleach	-33.29449737805362	0.3066465256797583	0.23716012084592145	0.11933534743202417	0.07854984894259819	0.0634441087613293	0.0649546827794562	0.04380664652567976	0.0513595166163142	0.03474320241691843
62	BeardedDragons	-33.34666361487598	0.3236180904522613	0.14773869346733667	0.11457286432160804	0.12462311557788945	0.06532663316582915	0.07135678391959799	0.054271356783919596	0.05628140703517588	0.04221105527638191
63	medizzy	-33.507591763935125	0.2926829268292683	0.21707317073170732	0.13048780487804879	0.09390243902439024	0.09268292682926829	0.05	0.03902439024390244	0.04390243902439024	0.04024390243902439
64	FundieSnark	-33.51296576628556	0.2945638432364096	0.213653603034134	0.1276864728192162	0.07711757269279393	0.08723135271807839	0.05941845764854614	0.03413400758533502	0.05436156763590392	0.051833122629582805
65	mildlyinfuriating	-33.51857718030351	0.3151041666666667	0.21484375	0.13020833333333334	0.08333333333333333	0.07161458333333333	0.04296875	0.040364583333333336	0.0546875	0.046875
66	memes	-33.66947128839411	0.3223965763195435	0.21968616262482168	0.11412268188302425	0.07275320970042796	0.08416547788873038	0.07275320970042796	0.042796005706134094	0.039942938659058486	0.03138373751783167
67	doordash	-33.742249068172896	0.2900552486187845	0.17495395948434622	0.1270718232044199	0.09208103130755065	0.10957642725598526	0.056169429097605895	0.06077348066298342	0.055248618784530384	0.03406998158379374
68	sbubby	-33.75129693969939	0.2997275204359673	0.23160762942779292	0.11989100817438691	0.09264305177111716	0.07493188010899182	0.06130790190735695	0.04087193460490463	0.0326975476839237	0.04632152588555858
69	HumansBeingBros	-33.81110839920075	0.3125	0.205	0.11875	0.0775	0.1	0.05375	0.0375	0.045	0.05
70	DuggarsSnark	-33.81295291490824	0.33380281690140845	0.2140845070422535	0.12112676056338029	0.08309859154929577	0.08028169014084507	0.06056338028169014	0.03380281690140845	0.038028169014084505	0.035211267605633804
71	GTAV	-33.838528502877125	0.29388297872340424	0.2127659574468085	0.15159574468085107	0.07579787234042554	0.0851063829787234	0.0598404255319149	0.041223404255319146	0.03590425531914894	0.043882978723404256
72	NatureIsFuckingLit	-34.01611004031611	0.31337047353760444	0.19498607242339833	0.16016713091922005	0.10445682451253482	0.06128133704735376	0.04874651810584958	0.04317548746518106	0.037604456824512536	0.036211699164345405
73	rupaulsdragrace	-34.01850253007251	0.29831932773109243	0.22268907563025211	0.09523809523809523	0.10784313725490197	0.08403361344537816	0.05042016806722689	0.04061624649859944	0.049019607843137254	0.05182072829131653
74	galaxys10	-34.04089209999165	0.34803337306317045	0.1966626936829559	0.10965435041716329	0.08343265792610251	0.06912991656734208	0.04648390941597139	0.04410011918951132	0.05125148986889154	0.05125148986889154
75	DanLeBatardShow	-34.07844285259034	0.2726027397260274	0.2219178082191781	0.13424657534246576	0.08082191780821918	0.07534246575342465	0.050684931506849315	0.04657534246575343	0.06986301369863014	0.04794520547945205
76	Dogtraining	-34.08466802149269	0.2881188118811881	0.200990099009901	0.15445544554455445	0.08217821782178218	0.07821782178217822	0.062376237623762376	0.039603960396039604	0.04950495049504951	0.04455445544554455
77	philadelphia	-34.21024122270046	0.27872340425531916	0.22872340425531915	0.12340425531914893	0.07659574468085106	0.07659574468085106	0.06063829787234042	0.05425531914893617	0.05425531914893617	0.04680851063829787
78	legaladvice	-34.25530074591279	0.3581757508342603	0.16129032258064516	0.12791991101223582	0.09454949944382647	0.08342602892102335	0.048943270300333706	0.042269187986651836	0.04560622914349277	0.03781979977753059
79	WTF	-34.34710028874542	0.31241997439180536	0.22023047375160051	0.13316261203585147	0.08322663252240717	0.07682458386683738	0.04481434058898848	0.040973111395646605	0.040973111395646605	0.04737516005121639
80	programming	-34.403757483557456	0.3016815034619189	0.22255192878338279	0.12363996043521266	0.0771513353115727	0.0712166172106825	0.06132542037586548	0.04549950544015826	0.04747774480712166	0.04945598417408507
81	NoahGetTheBoat	-34.42722842768535	0.31239935587761675	0.21256038647342995	0.12399355877616747	0.0821256038647343	0.09178743961352658	0.06763285024154589	0.027375201288244767	0.0322061191626409	0.0499194847020934
82	Guitar	-34.430141228817774	0.30545112781954886	0.18515037593984962	0.10432330827067669	0.08740601503759399	0.1099624060150376	0.05451127819548872	0.06015037593984962	0.05075187969924812	0.042293233082706765
83	martialarts	-34.4710475807733	0.2920258620689655	0.1939655172413793	0.12823275862068967	0.07219827586206896	0.10560344827586207	0.06896551724137931	0.040948275862068964	0.052801724137931036	0.04525862068965517
84	dogelore	-34.52526426388977	0.3035439137134052	0.21571648690292758	0.12172573189522343	0.0724191063174114	0.07395993836671803	0.03852080123266564	0.06317411402157165	0.046224961479198766	0.06471494607087827
85	WeAreTheMusicMakers	-34.53632506680697	0.282435129740519	0.22055888223552894	0.1217564870259481	0.08882235528942116	0.07684630738522955	0.054890219560878244	0.046906187624750496	0.06487025948103792	0.04291417165668663
86	hockeyplayers	-34.571186485961334	0.28862164662349676	0.20444033302497688	0.12488436632747456	0.07123034227567067	0.08695652173913043	0.07770582793709528	0.04440333024976873	0.05180388529139685	0.04995374653098982
87	BetterEveryLoop	-34.57508043196913	0.32599118942731276	0.2055800293685756	0.12334801762114538	0.06901615271659324	0.08076358296622614	0.07048458149779736	0.027900146842878122	0.04698972099853157	0.049926578560939794
88	golf	-34.606070360508966	0.27906976744186046	0.1841860465116279	0.13488372093023257	0.09581395348837209	0.08465116279069768	0.04372093023255814	0.0586046511627907	0.05581395348837209	0.06325581395348837
89	medical	-34.609215943891286	0.29244249726177435	0.21358159912376778	0.13472070098576122	0.0755750273822563	0.09200438116100766	0.0700985761226725	0.04928806133625411	0.03723986856516977	0.03504928806133625
90	VictoriaBC	-34.624295808422175	0.274364406779661	0.21927966101694915	0.13029661016949154	0.09851694915254237	0.09110169491525423	0.05190677966101695	0.05190677966101695	0.037076271186440676	0.045550847457627115
91	LosAngeles	-34.64415619135252	0.29049676025917925	0.22462203023758098	0.12311015118790497	0.08963282937365011	0.091792656587473	0.0550755939524838	0.04535637149028078	0.042116630669546434	0.03779697624190065
92	BrandNewSentence	-34.67981834215243	0.2836411609498681	0.21108179419525067	0.11345646437994723	0.06992084432717678	0.08970976253298153	0.06068601583113457	0.048812664907651716	0.05408970976253298	0.06860158311345646
93	ThatsInsane	-34.78413315349735	0.31639135959339265	0.19186785260482847	0.13087674714104194	0.0940279542566709	0.09021601016518424	0.03811944091486658	0.05972045743329098	0.029224904701397714	0.04955527318932656
94	rutgers	-34.79661874277372	0.28604118993135014	0.2116704805491991	0.12814645308924486	0.06407322654462243	0.09725400457665904	0.059496567505720827	0.05377574370709382	0.05377574370709382	0.04576659038901602
95	Warthunder	-34.8034419499827	0.2817258883248731	0.18104906937394247	0.12013536379018612	0.08037225042301184	0.0922165820642978	0.05752961082910321	0.06091370558375635	0.06345177664974619	0.06260575296108291
96	skiing	-34.84936012206708	0.30387931034482757	0.19719827586206898	0.11530172413793104	0.08620689655172414	0.08512931034482758	0.04202586206896552	0.05064655172413793	0.05495689655172414	0.06465517241379311
97	CatastrophicFailure	-34.849472842133764	0.30158730158730157	0.20238095238095238	0.13194444444444445	0.08035714285714286	0.07936507936507936	0.04265873015873016	0.0496031746031746	0.05555555555555555	0.05654761904761905
98	gifsthatkeepongiving	-34.87650840893957	0.28291316526610644	0.20168067226890757	0.14705882352941177	0.0896358543417367	0.09803921568627451	0.07703081232492998	0.0392156862745098	0.03081232492997199	0.03361344537815126
99	stepparents	-34.879987219985196	0.3252212389380531	0.17920353982300885	0.11946902654867257	0.09402654867256637	0.09955752212389381	0.059734513274336286	0.04092920353982301	0.05641592920353982	0.025442477876106196
100	trees	-34.9014077652746	0.3125	0.18977272727272726	0.14545454545454545	0.0875	0.09772727272727273	0.04772727272727273	0.04772727272727273	0.042045454545454546	0.029545454545454545
101	interestingasfuck	-34.92948080277438	0.3490683229813665	0.18881987577639753	0.11055900621118013	0.09440993788819876	0.09316770186335403	0.04596273291925466	0.040993788819875775	0.03975155279503106	0.037267080745341616
102	BikiniBottomTwitter	-34.95315026515436	0.2591240875912409	0.23236009732360097	0.1192214111922141	0.08150851581508516	0.09245742092457421	0.06326034063260341	0.05961070559610705	0.04866180048661801	0.043795620437956206
103	fantasyhockey	-35.08481267607931	0.299	0.219	0.134	0.096	0.075	0.06	0.04	0.038	0.039
104	rarepuppers	-35.12065656314235	0.35196374622356497	0.18882175226586104	0.09365558912386707	0.07250755287009064	0.09516616314199396	0.04380664652567976	0.04984894259818731	0.05740181268882175	0.04682779456193353
105	HomeDepot	-35.13041463568243	0.2535059331175836	0.21251348435814454	0.14455231930960086	0.10679611650485436	0.08845738942826321	0.05825242718446602	0.05070118662351672	0.040992448759439054	0.04422869471413161
106	washingtondc	-35.15664255028423	0.26040554962646745	0.22625400213447172	0.12166488794023479	0.10352187833511206	0.08537886872998933	0.061899679829242264	0.054429028815368194	0.0384204909284952	0.048025613660619
107	MetalMemes	-35.16576333672856	0.28776978417266186	0.21294964028776978	0.11510791366906475	0.10215827338129496	0.1079136690647482	0.04748201438848921	0.034532374100719423	0.0460431654676259	0.0460431654676259
108	AnimalsBeingBros	-35.16601529187028	0.32309746328437916	0.20026702269692923	0.12416555407209613	0.07343124165554073	0.09345794392523364	0.044058744993324434	0.037383177570093455	0.06141522029372497	0.042723631508678236
109	SubredditSimulator	-35.17043090585821	0.27014218009478674	0.22432859399684044	0.1358609794628752	0.09320695102685624	0.09320695102685624	0.05845181674565561	0.030015797788309637	0.03949447077409163	0.05529225908372828
110	AndroidQuestions	-35.23472672097887	0.2548449612403101	0.1618217054263566	0.13565891472868216	0.09108527131782945	0.09205426356589147	0.07461240310077519	0.07170542635658915	0.05910852713178295	0.05910852713178295
111	lostgeneration	-35.286843691107606	0.30789707187222715	0.2067435669920142	0.1188997338065661	0.09139307897071872	0.09139307897071872	0.05323868677905945	0.04081632653061224	0.05412599822537711	0.0354924578527063
112	ShinyPokemon	-35.32193754537548	0.30884184308841844	0.1506849315068493	0.149439601494396	0.09838107098381071	0.10834371108343711	0.06973848069738481	0.0460772104607721	0.0361145703611457	0.0323785803237858
113	LoveNikki	-35.35543219196552	0.333021515434986	0.15902712815715622	0.13376987839101964	0.09541627689429373	0.09822263797942002	0.04583723105706267	0.04677268475210477	0.047708138447146865	0.040224508886810104
114	Bestbuy	-35.37443397494735	0.2803347280334728	0.21652719665271966	0.1307531380753138	0.09832635983263599	0.08682008368200837	0.06694560669456066	0.034518828451882845	0.04184100418410042	0.043933054393305436
115	Methadone	-35.398875159504314	0.3018867924528302	0.19448476052249636	0.12264150943396226	0.08055152394775036	0.09796806966618288	0.07184325108853411	0.04354136429608128	0.04426705370101597	0.04281567489114659
116	drunk	-35.46137600395787	0.2914285714285714	0.23	0.12571428571428572	0.08857142857142856	0.08428571428571428	0.045714285714285714	0.03428571428571429	0.05857142857142857	0.041428571428571426
117	FedEx	-35.576661756330395	0.2849785407725322	0.2128755364806867	0.12188841201716738	0.0815450643776824	0.09012875536480687	0.05751072961373391	0.0463519313304721	0.061802575107296136	0.04291845493562232
118	knitting	-35.65862090359133	0.29266211604095566	0.21331058020477817	0.12286689419795221	0.09556313993174062	0.07935153583617748	0.07679180887372014	0.04778156996587031	0.040955631399317405	0.030716723549488054
119	Piracy	-35.669042063053894	0.3352735739231665	0.16647264260768335	0.15133876600698487	0.10593713620488941	0.07683352735739232	0.051222351571594875	0.047729918509895226	0.030267753201396973	0.034924330616996506
120	KitchenConfidential	-35.707067209285924	0.27181208053691275	0.1912751677852349	0.12751677852348994	0.09843400447427293	0.10514541387024609	0.04809843400447427	0.04697986577181208	0.06935123042505593	0.04138702460850112
121	brisbane	-35.79343729917491	0.2818181818181818	0.2159090909090909	0.10909090909090909	0.10227272727272728	0.07840909090909091	0.045454545454545456	0.05113636363636364	0.05113636363636364	0.06477272727272727
122	exmuslim	-35.81508812320408	0.3050047214353163	0.19924457034938622	0.08970727101038715	0.08404154863078375	0.08876298394711993	0.061378659112370164	0.07176581680830972	0.04815864022662889	0.05193578847969783
123	KrunkerIO	-35.835532244522255	0.31197097944377267	0.19105199516324062	0.1185006045949214	0.06771463119709795	0.09310761789600967	0.09310761789600967	0.044740024183796856	0.03869407496977025	0.041112454655380895
124	Professors	-35.83813869942696	0.3027027027027027	0.20216216216216215	0.11567567567567567	0.09621621621621622	0.09837837837837837	0.046486486486486484	0.03567567567567568	0.05297297297297297	0.04972972972972973
125	Edmonton	-35.9061489594942	0.314975845410628	0.2106280193236715	0.11400966183574879	0.07149758454106281	0.08599033816425121	0.05990338164251208	0.04251207729468599	0.04734299516908213	0.05314009661835749
126	HypixelSkyblock	-35.943896998382115	0.2845528455284553	0.17073170731707318	0.13821138211382114	0.09175377468060394	0.11614401858304298	0.07665505226480836	0.04529616724738676	0.04645760743321719	0.030197444831591175
127	USPS	-35.944960328635716	0.29018789144050106	0.19206680584551147	0.11795407098121086	0.06680584551148225	0.08350730688935282	0.08037578288100208	0.04801670146137787	0.0709812108559499	0.05010438413361169
128	oddlyterrifying	-35.951675241007706	0.2852897473997028	0.21693907875185736	0.14561664190193166	0.0787518573551263	0.09806835066864784	0.04606240713224369	0.03417533432392273	0.04606240713224369	0.04903417533432392
129	Charlotte	-36.038224942374654	0.2845894263217098	0.2249718785151856	0.11698537682789652	0.07874015748031496	0.08998875140607424	0.04499437570303712	0.0562429696287964	0.0562429696287964	0.047244094488188976
130	walmart	-36.11155750817852	0.28213166144200624	0.22570532915360503	0.11494252873563218	0.09508881922675026	0.07314524555903866	0.06374085684430512	0.038662486938349006	0.06269592476489028	0.0438871473354232
131	wholesomeanimemes	-36.155578195248836	0.33865814696485624	0.21565495207667731	0.11980830670926518	0.06389776357827476	0.08945686900958466	0.06070287539936102	0.03194888178913738	0.038338658146964855	0.04153354632587859
132	ReallyBigShow	-36.17949207281799	0.31290743155149936	0.18904823989569752	0.10560625814863103	0.07561929595827901	0.08865710560625815	0.06258148631029987	0.03389830508474576	0.06779661016949153	0.06388526727509779
133	BeAmazed	-36.30016243373029	0.28865979381443296	0.2268041237113402	0.15077319587628865	0.07603092783505154	0.07087628865979381	0.06829896907216494	0.041237113402061855	0.03865979381443299	0.03865979381443299
134	PornhubComments	-36.38738356785689	0.382228490832158	0.153737658674189	0.09732016925246827	0.076163610719323	0.07475317348377997	0.07334273624823695	0.05077574047954866	0.04090267983074753	0.05077574047954866
135	CSRRacing2	-36.42708407491955	0.261116367076632	0.1986754966887417	0.13528855250709557	0.08325449385052035	0.08703878902554399	0.06717123935666983	0.07947019867549669	0.03878902554399243	0.04919583727530748
136	WoWs_Legends	-36.4841825443109	0.2943650126156434	0.1665264928511354	0.11942809083263246	0.09503784693019345	0.10933557611438183	0.0656013456686291	0.07064760302775441	0.03532380151387721	0.04373423044575273
137	videos	-36.53172456824177	0.3036649214659686	0.218848167539267	0.13612565445026178	0.0774869109947644	0.08167539267015707	0.04607329842931937	0.04397905759162304	0.04502617801047121	0.04712041884816754
138	Wellthatsucks	-36.532478475658536	0.26380368098159507	0.18895705521472392	0.15950920245398773	0.09938650306748466	0.10061349693251534	0.06625766871165645	0.0343558282208589	0.04785276073619632	0.0392638036809816
139	weekendgunnit	-36.55298099568245	0.2763888888888889	0.20972222222222223	0.15	0.09305555555555556	0.09027777777777778	0.04027777777777778	0.03888888888888889	0.043055555555555555	0.058333333333333334
140	gardening	-36.56324657482128	0.26555555555555554	0.18555555555555556	0.13666666666666666	0.09444444444444444	0.10555555555555556	0.08777777777777777	0.04	0.04777777777777778	0.03666666666666667
141	EDC	-36.587797193349616	0.2829324169530355	0.2290950744558992	0.13287514318442153	0.08705612829324169	0.08476517754868271	0.045819014891179836	0.043528064146620846	0.053837342497136315	0.04009163802978236
142	holdmyfeedingtube	-36.59259664439014	0.2733812949640288	0.1856115107913669	0.1410071942446043	0.09928057553956834	0.1093525179856115	0.05755395683453238	0.04316546762589928	0.027338129496402876	0.06330935251798561
143	Tennesseetitans	-36.64527702371379	0.275377969762419	0.19870410367170627	0.16846652267818574	0.08207343412526998	0.08423326133909287	0.056155507559395246	0.04535637149028078	0.05183585313174946	0.03779697624190065
144	stephenking	-36.64692765861673	0.3187633262260128	0.21215351812366737	0.10874200426439233	0.0767590618336887	0.07462686567164178	0.053304904051172705	0.0511727078891258	0.06929637526652452	0.035181236673773986
145	Tools	-36.668289460184496	0.3364969801553063	0.19413287316652286	0.13459879206212252	0.07765314926660914	0.08024158757549611	0.05176876617773943	0.04314063848144953	0.04314063848144953	0.03882657463330457
146	AnimalsBeingJerks	-36.727811705443855	0.28717948717948716	0.21153846153846154	0.16153846153846155	0.08333333333333333	0.07564102564102564	0.05897435897435897	0.035897435897435895	0.035897435897435895	0.05
147	JoeRogan	-36.83273996003936	0.3053097345132743	0.20353982300884957	0.1161504424778761	0.07300884955752213	0.09623893805309734	0.059734513274336286	0.034292035398230086	0.0586283185840708	0.05309734513274336
148	Browns	-36.868930038070175	0.26761904761904765	0.21619047619047618	0.15428571428571428	0.08571428571428572	0.06571428571428571	0.06095238095238095	0.05142857142857143	0.05142857142857143	0.04666666666666667
149	FortNiteBR	-36.965887659919645	0.30361757105943155	0.22609819121447028	0.10077519379844961	0.07751937984496124	0.09431524547803617	0.05813953488372093	0.03875968992248062	0.04521963824289406	0.05555555555555555
150	kansascity	-36.976654763160695	0.2479757085020243	0.17813765182186234	0.13765182186234817	0.0860323886639676	0.09919028340080972	0.07388663967611336	0.07894736842105263	0.05566801619433198	0.04251012145748988
151	antiwork	-36.99130219914514	0.27916251246261214	0.18943170488534397	0.12662013958125623	0.11365902293120637	0.10468594217347957	0.05682951146560319	0.03988035892323031	0.05682951146560319	0.03290129611166501
152	techsupport	-36.99609413927101	0.33784860557768925	0.18087649402390438	0.13784860557768924	0.07649402390438247	0.06852589641434263	0.04780876494023904	0.054183266932270914	0.055776892430278883	0.04063745019920319
153	RocketLeagueExchange	-37.001939299688274	0.298828125	0.2265625	0.1083984375	0.080078125	0.087890625	0.0634765625	0.0478515625	0.052734375	0.0341796875
154	nextfuckinglevel	-37.02979475141092	0.30335570469798656	0.21879194630872484	0.10604026845637583	0.08456375838926175	0.10335570469798658	0.053691275167785234	0.036241610738255034	0.038926174496644296	0.05503355704697987
155	mkxmobile	-37.0720183312842	0.33084311632870866	0.20597652081109924	0.13660618996798293	0.08537886872998933	0.07150480256136606	0.06296691568836713	0.0384204909284952	0.032017075773746	0.03628601921024546
156	grubhubdrivers	-37.076300995039674	0.2974217311233886	0.20349907918968693	0.15193370165745856	0.08103130755064457	0.08379373848987108	0.049723756906077346	0.05156537753222836	0.049723756906077346	0.03130755064456722
157	publix	-37.105269956842676	0.26283367556468173	0.21868583162217659	0.1375770020533881	0.10574948665297741	0.08932238193018481	0.060574948665297744	0.043121149897330596	0.049281314168377825	0.03285420944558522
158	TheDelrayMisfits	-37.12627593365778	0.2877237851662404	0.20076726342711	0.09974424552429667	0.08312020460358056	0.11508951406649616	0.07672634271099744	0.03836317135549872	0.056265984654731455	0.04219948849104859
159	OCD	-37.134732540003824	0.2975391498881432	0.203579418344519	0.11968680089485459	0.07270693512304251	0.08389261744966443	0.04697986577181208	0.04809843400447427	0.0738255033557047	0.053691275167785234
160	SubredditDrama	-37.14712044222051	0.30859375	0.22395833333333334	0.12890625	0.09114583333333333	0.08333333333333333	0.044270833333333336	0.03125	0.044270833333333336	0.044270833333333336
161	edmproduction	-37.16524910314638	0.2991913746630728	0.21473495058400718	0.12668463611859837	0.08086253369272237	0.07816711590296496	0.05390835579514825	0.03863432165318958	0.061096136567834684	0.04672057502246182
162	specializedtools	-37.168227759621914	0.30980861244019137	0.19856459330143542	0.14832535885167464	0.09688995215311005	0.0861244019138756	0.056220095693779906	0.03349282296650718	0.028708133971291867	0.041866028708133975
163	suspiciouslyspecific	-37.18931793001502	0.2773722627737226	0.21654501216545013	0.10462287104622871	0.12773722627737227	0.07907542579075426	0.052311435523114354	0.043795620437956206	0.04257907542579075	0.05596107055961071
164	educationalgifs	-37.19790479844323	0.3083511777301927	0.16809421841541755	0.16059957173447537	0.08137044967880086	0.0728051391862955	0.04925053533190578	0.048179871520342615	0.044967880085653104	0.06638115631691649
165	stlouisblues	-37.210892752283144	0.270996640537514	0.21500559910414332	0.135498320268757	0.0940649496080627	0.10078387458006718	0.0683090705487122	0.04591265397536394	0.03135498320268757	0.03807390817469205
166	LateStageCapitalism	-37.24825078368485	0.31536113936927773	0.21464903357070192	0.09257375381485249	0.08850457782299084	0.09460834181078331	0.061037639877924724	0.04984740590030519	0.03763987792472025	0.04577822990844354
167	AnimalsBeingDerps	-37.265427175863806	0.305111821086262	0.2476038338658147	0.12140575079872204	0.06230031948881789	0.07827476038338659	0.06070287539936102	0.039936102236421724	0.0463258785942492	0.038338658146964855
168	hardware	-37.295537950703874	0.25880923450789795	0.20473876063183474	0.1275820170109356	0.10267314702308628	0.0899149453219927	0.06561360874848117	0.06014580801944107	0.050425273390036454	0.040097205346294046
169	Flyers	-37.32887776829011	0.267314702308627	0.22478736330498178	0.13122721749696234	0.09842041312272175	0.09234507897934387	0.07411907654921021	0.03766707168894289	0.03523693803159174	0.038882138517618466
170	Overwatch_Memes	-37.3309153092132	0.3125778331257783	0.21419676214196762	0.11706102117061021	0.07970112079701121	0.10709838107098381	0.057285180572851806	0.04234122042341221	0.038605230386052306	0.031133250311332503
171	SpoiledDragRace	-37.363429229097164	0.2900523560209424	0.2198952879581152	0.12146596858638743	0.09738219895287958	0.09947643979057591	0.05130890052356021	0.04712041884816754	0.0356020942408377	0.03769633507853403
172	AMA	-37.39008773364458	0.32950631458094143	0.22847301951779564	0.10562571756601608	0.08036739380022963	0.06659012629161883	0.05625717566016074	0.05166475315729047	0.04936854190585534	0.03214695752009185
173	meme	-37.41065217532105	0.30428134556574926	0.23394495412844038	0.10703363914373089	0.09021406727828746	0.06880733944954129	0.08103975535168195	0.035168195718654434	0.0290519877675841	0.05045871559633028
174	WoT	-37.45151821512991	0.30138568129330257	0.21016166281755197	0.12933025404157045	0.09006928406466513	0.08083140877598152	0.07159353348729793	0.02424942263279446	0.04849884526558892	0.04387990762124711
175	walkingwarrobots	-37.50703423896175	0.2988165680473373	0.20118343195266272	0.11538461538461539	0.09960552268244575	0.10256410256410256	0.0601577909270217	0.03550295857988166	0.03648915187376726	0.05029585798816568
176	ThatLookedExpensive	-37.51710321047176	0.28094059405940597	0.1943069306930693	0.125	0.07549504950495049	0.09405940594059406	0.05693069306930693	0.053217821782178217	0.04084158415841584	0.07920792079207921
177	SCJerk	-37.517514395216494	0.28936170212765955	0.2297872340425532	0.12340425531914893	0.08085106382978724	0.1049645390070922	0.0524822695035461	0.03404255319148936	0.04397163120567376	0.04113475177304964
178	entertainment	-37.55911879382256	0.2759433962264151	0.2358490566037736	0.12264150943396226	0.08490566037735849	0.07429245283018868	0.045990566037735846	0.05306603773584906	0.06367924528301887	0.04363207547169811
179	Pets	-37.57141198862519	0.2601214574898785	0.21862348178137653	0.14676113360323886	0.0860323886639676	0.09008097165991903	0.06578947368421052	0.04251012145748988	0.05060728744939271	0.039473684210526314
180	aww	-37.58901368131637	0.3224852071005917	0.22041420118343194	0.11390532544378698	0.0695266272189349	0.09911242603550297	0.051775147928994084	0.03254437869822485	0.04142011834319527	0.04881656804733728
181	InsanePeopleQuora	-37.61792896223869	0.3561290322580645	0.1870967741935484	0.1032258064516129	0.08516129032258064	0.09032258064516129	0.04645161290322581	0.03354838709677419	0.04516129032258064	0.05290322580645161
182	ravens	-37.61943246216924	0.28901734104046245	0.2138728323699422	0.12254335260115606	0.11560693641618497	0.08323699421965318	0.04508670520231214	0.03699421965317919	0.03930635838150289	0.05433526011560694
183	copypasta	-37.621651486442715	0.2773013150371641	0.2064036592338479	0.1097770154373928	0.0851915380217267	0.09148084619782733	0.06632361349342482	0.06174957118353345	0.05317324185248713	0.04859919954259577
184	NCAAFBseries	-37.826057619393396	0.2843803056027165	0.17826825127334464	0.10526315789473684	0.08913412563667232	0.08488964346349745	0.06112054329371817	0.08404074702886248	0.0500848896434635	0.06281833616298811
185	comics	-37.84382679439523	0.30113636363636365	0.22869318181818182	0.13352272727272727	0.07102272727272728	0.08096590909090909	0.04971590909090909	0.03409090909090909	0.04261363636363636	0.05823863636363636
186	Dallas	-37.846243899315596	0.24574468085106382	0.2127659574468085	0.13085106382978723	0.08723404255319149	0.08297872340425531	0.07127659574468086	0.08085106382978724	0.0425531914893617	0.045744680851063826
187	CrusaderKings	-37.88603871823307	0.31200897867564537	0.17957351290684623	0.1324354657687991	0.08080808080808081	0.0920314253647587	0.03367003367003367	0.07295173961840629	0.058361391694725026	0.038159371492704826
188	Autos	-37.92725403417262	0.2629262926292629	0.1936193619361936	0.15181518151815182	0.11221122112211221	0.07260726072607261	0.0627062706270627	0.041804180418041806	0.0374037403740374	0.06490649064906491
